Stardust surf
58 points
58 lines

Points

1 0.000000 0.000000
2 0.000032 0.003778
3 0.000130 0.007554
4 0.000292 0.011328
5 0.000519 0.015099
6 0.000810 0.018866
7 0.001167 0.022627
8 0.001587 0.026381
9 0.002073 0.030127
10 0.002622 0.033865
11 0.003236 0.037593
12 0.003913 0.041309
13 0.004654 0.045013
14 0.005459 0.048704
15 0.006327 0.052381
16 0.007258 0.056042
17 0.008251 0.059687
18 0.009308 0.063314
19 0.010426 0.066923
20 0.011606 0.070511
21 0.012847 0.074079
22 0.014150 0.077625
23 0.015513 0.081149
24 0.016937 0.084648
25 0.018420 0.088122
26 0.019963 0.091571
27 0.021565 0.094992
28 0.023225 0.098385
29 0.024943 0.101749
30 0.026719 0.105084
31 0.028552 0.108387
32 0.030442 0.111658
33 0.054490 0.152484
34 0.078538 0.193310
35 0.102586 0.234136
36 0.126635 0.274962
37 0.150683 0.315788
38 0.174731 0.356614
39 0.198780 0.397440
40 0.201728 0.401288
41 0.205516 0.404313
42 0.209921 0.406339
43 0.214683 0.407245
44 0.219523 0.406978
45 0.224158 0.405555
46 0.226012 0.404610
47 0.265011 0.382094
48 0.304009 0.359578
49 0.343007 0.337063
50 0.382005 0.314547
51 0.421004 0.292031
52 0.460002 0.269516
53 0.499000 0.247000
54 0.499000 0.197600
55 0.499000 0.148200
56 0.499000 0.098800
57 0.499000 0.049400
58 0.499000 0.000000

Lines

1 1 2
2 2 3
3 3 4
4 4 5
5 5 6
6 6 7
7 7 8
8 8 9
9 9 10
10 10 11
11 11 12
12 12 13
13 13 14
14 14 15
15 15 16
16 16 17
17 17 18
18 18 19
19 19 20
20 20 21
21 21 22
22 22 23
23 23 24
24 24 25
25 25 26
26 26 27
27 27 28
28 28 29
29 29 30
30 30 31
31 31 32
32 32 33
33 33 34
34 34 35
35 35 36
36 36 37
37 37 38
38 38 39
39 39 40
40 40 41
41 41 42
42 42 43
43 43 44
44 44 45
45 45 46
46 46 47
47 47 48
48 48 49
49 49 50
50 50 51
51 51 52
52 52 53
53 53 54
54 54 55
55 55 56
56 56 57
57 57 58
58 58 1

